[MAP]
# path	 width	height	type
maps\sectionB.png	86	33	outdoor
[PLATFORMS]
# x	y	col-number	row-number
# brick	(16,16) calc follow tilemap
# inner
74	9	11	1
74	11	1	2
72	11	2	1
72	13	1	2
50 	13	22	1
50	15	1	2
48	15	2	1
48	17	1	2
42	17	6	1
42	19	1	2
40	19	2	1
40	21	1	2
27	21	13	1
27	21	1	5
16	17	11	1
16	20	1	4
16	20	8	1
24	24	1	4
24	24	19	1
43	24	1	5
43	20	7	1
49	20	1	3
49	18	2	1
51	18	1	3
51	16	27	1
78	18	1	2
78	18	3	1
80	20	1	3
80	20	3	1
82	22	1	3
82	22	4	1
#outner
82	6	4	1
82	6	1	3
80	4	3	1
80	4	1	3
78	2	3	1
78	2	1	3
65	0	13	1
65	2	1	3
63	2	3	1
63	4	1	3
56	4	8	1
56	4	1	5
49	0	7	1
49	2	1	3
47	2	3	1
47	4	1	3
43	4	5	1
43	8	1	5
41	8	3	1
41	10	1	3
39	10	3	1
39	12	1	3
9	12	31	1
9	14	1	3
7	14	3	1
7	21	1	8
7	21	3	1
9	23	1	3
9	23	3	1
11	25	1	3
11	25	7	1
17	27	1	3
17	27	3	1
19	29	1	3
19	29	34	1
52	29	1	5
52	25	10	1
61	27	1	3
61	27	3	1
63	29	1	3
63	29	14	1
76	29	1	3
76	27	3	1
78	27	1	3
78	25	8	1
#box
56	12	8	2
57	10	6	2
36	20	2	2
32	20	2	2
20	16	2	2
22	28	2	2
36	28	4	2
56	24	4	2
57	22	2	2
[OBJECTS]
#name	nx	x	y	width	height
# - Enemy -
eyelet	1	1100	130	18	15
ballot	1	1102	34	18	18
stuka	1	900	136	18	18
eyelet	-1	1136	161	18	15
stuka	1	736	200	18	18
eyelet	1	512	273	18	15
stuka	1	500	278	18	18
stuka	1	128	294	18	18
ballot	1	464	414	18	18
ballcarry	1	464	464	18	18
stuka	-1	720	412	18	18
ballcarry	1	752	464	18	18
ballot	1	752	350	18	18
stuka	-1	1152	400	18	18
stuka	-1	1248	400	18	18
eyelet	1	1280	432	18	15
eyelet	1	960	432	18	15
[GATES]
#way	x	y	col	row	next
in	83	8	3	2	0
out	83	24	3	2	2